0000000000000000
0000000000000008
0000000000000010
0000000000000018
0000000000000020
0000000000000020
0000000000000040
0000000000000000
0000000000000014
0000000000000014
0000000000000020
0000000000000020
0000000000000000
0000000000000000
0000000000000003
0000000000000003
0000000000000000
0000000000000000
0000000000000000
0000000000000000
0000000000000000
0000000000000000
0000000000000000
0000000000000000
0000000000000000
0000000000000000
0000000000000000
0000000000000000
0000000000000000
0000000000000000
0000000000000000
0000000000000000
36
